2 0.5514705875 0.44444444375 0.5863970593750001 0.44444444375 0.61948529375 0.421717171875 0.6488970593750001 0.353535353125 0.6360294125 0.2853535359375 0.612132353125 0.2550505046875 0.5790441171875 0.23989899062500003 0.52573529375 0.25757575781250003 0.49264705937500003 0.3207070703125 0.4908088234375 0.3762626265625 0.5 0.4040404046875 0.5165441171875 0.4267676765625 0.5514705875 0.44444444375
2 0.8584558828125 0.8611111109375 0.893382353125 0.8636363640625 0.919117646875 0.8510101015625 0.9448529406249999 0.828282828125 0.9595588234375001 0.7929292921875 0.96323529375 0.7424242421875 0.950367646875 0.6893939390625 0.9301470593750001 0.65656565625 0.8988970593750001 0.633838384375 0.8345588234375001 0.6414141421874999 0.799632353125 0.6868686875 0.7904411765625 0.7196969703125 0.7886029406249999 0.7575757578125 0.8033088234375001 0.8106060609375 0.830882353125 0.8459595953125 0.8584558828125 0.8611111109375
0 0.069852940625 0.45454545468749996 0.0955882359375 0.45454545468749996 0.1286764703125 0.43181818125 0.1452205875 0.40656565625 0.15625 0.3611111109375 0.15441176406249998 0.3358585859375 0.132352940625 0.290404040625 0.0955882359375 0.27777777812500004 0.0477941171875 0.2979797984375 0.0202205875 0.3484848484375 0.018382353125 0.3888888890625 0.0294117640625 0.41919191875 0.0422794125 0.4419191921875 0.069852940625 0.45454545468749996
1 0.6801470593750001 0.6616161609375 0.6893382359375 0.621212121875 0.674632353125 0.5580808078125 0.6397058828125 0.525252525 0.606617646875 0.525252525 0.5827205875 0.540404040625 0.55698529375 0.5959595953125 0.5661764703125 0.6616161609375 0.6084558828125 0.69949495 0.6636029406249999 0.684343434375 0.6801470593750001 0.6616161609375
1 0.8345588234375001 0.5050505046875 0.8584558828125 0.459595959375 0.84926470625 0.39141414218750004 0.8106617640625 0.353535353125 0.7647058828125 0.35858585781249996 0.7297794125 0.409090909375 0.7334558828125 0.47727272656249997 0.7518382359375 0.5050505046875 0.7775735296875 0.5202020203125 0.8345588234375001 0.5050505046875
1 0.40625 0.553030303125 0.4227941171875 0.5303030296875 0.43382352968750004 0.489898990625 0.4209558828125 0.43686868749999996 0.37867647031249996 0.4040404046875 0.3345588234375 0.4166666671875 0.3106617640625 0.45707070781250003 0.3125 0.5303030296875 0.351102940625 0.5681818187500001 0.37132352968750004 0.5707070703125 0.40625 0.553030303125
1 0.21323529375 0.65656565625 0.23713235312499997 0.6010101015625 0.22977941249999997 0.5479797984375 0.1875 0.510101009375 0.1452205875 0.5202020203125 0.112132353125 0.578282828125 0.1102941171875 0.6111111109375 0.12316176406249998 0.6489898984375 0.163602940625 0.6767676765624999 0.21323529375 0.65656565625
1 0.3529411765625 0.91919191875 0.38051470625 0.896464646875 0.3970588234375 0.8636363640625 0.3970588234375 0.7979797984375 0.362132353125 0.7449494953125 0.33823529375 0.7373737375 0.305147059375 0.747474746875 0.2720588234375 0.790404040625 0.268382353125 0.85606060625 0.28125 0.8888888890625 0.305147059375 0.9141414140625 0.3529411765625 0.91919191875
1 0.16176470625 0.9116161609375 0.112132353125 0.9267676765624999 0.0845588234375 0.9772727265625001 0.0827205875 0.9974747468749999 0.2169117640625 0.9974747468749999 0.20588235312499997 0.9494949500000001 0.16176470625 0.9116161609375
3 0.5422794125 0.9797979796874999 0.5955882359375 0.972222221875 0.6323529406249999 0.9141414140625 0.6360294125 0.866161615625 0.625 0.8257575750000001 0.59926470625 0.7878787875000001 0.580882353125 0.777777778125 0.5404411765625 0.777777778125 0.518382353125 0.790404040625 0.4852941171875 0.853535353125 0.4834558828125 0.8888888890625 0.49448529375000005 0.93181818125 0.5110294125 0.9595959593750001 0.5422794125 0.9797979796874999
3 0.34926470625 0.2929292921875 0.3768382359375 0.2676767671875 0.393382353125 0.209595959375 0.3768382359375 0.1540404046875 0.34926470625 0.128787878125 0.3272058828125 0.12373737343749999 0.27573529375 0.146464646875 0.25551470625 0.19444444375 0.2665441171875 0.2676767671875 0.2922794125 0.2929292921875 0.31801470625 0.30050505 0.34926470625 0.2929292921875
3 0.7775735296875 0.9090909093749999 0.731617646875 0.921717171875 0.6948529406249999 0.9772727265625001 0.69301470625 0.9974747468749999 0.8455882359375 0.9974747468749999 0.8198529406249999 0.9343434343749999 0.7775735296875 0.9090909093749999