3 0 0.18830778125 0.025811078124999998 0.21297279531250002 0.0553130140625 0.225015515625 0.10690673125000001 0.23408089843750002 0.1875702703125 0.22702375312499998 0.22901169999999998 0.21295252343749999 0.255883546875 0.194933178125 0.27579870156249997 0.1670768875 0.273349996875 0.1390880671875 0.25522204843749996 0.117693790625 0.21912618906249998 0.0999606171875 0.1613920140625 0.090387896875 0.1027295640625 0.09343108125 0.0669751265625 0.10282653281250001 0.018374271875 0.12796970937500002 0 0.1504937203125 0 0.18830778125
3 0.43070779843749996 0.4512230078125 0.3913949984375 0.44317229999999996 0.312385278125 0.44590652343750004 0.27067176875 0.45686788749999996 0.22426888749999999 0.48390787968750004 0.20224645156249998 0.510903975 0.207074515625 0.542862859375 0.23390366718750003 0.5708077828125 0.300883203125 0.5931508875 0.3457016125 0.594452571875 0.4039106 0.586226271875 0.44884104843749995 0.5655824468749999 0.48599857343749997 0.52577206875 0.487401659375 0.49535714531249997 0.47339757968749996 0.474646634375 0.43070779843749996 0.4512230078125
3 0.7545792484375 0 0.74522639375 0.0048386078125 0.7178797359375 0.040656971874999996 0.7173142312499999 0.05741936875 0.7379122312499999 0.08382033125 0.8114856890625 0.1118538890625 0.856394790625 0.114192196875 0.9026856328124999 0.10909771406249999 0.9422011671874999 0.0962395359375 0.963204634375 0.0808227203125 0.9561335625 0 0.7545792484375 0
0 0.6834003015625 0.1575303078125 0.6448343890625 0.13479044843750002 0.595075875 0.12347539062499999 0.5242232015625 0.1265405234375 0.49048535312499997 0.1357595484375 0.44564559531250003 0.1574399984375 0.42142518593749995 0.1825392765625 0.4177334328125 0.210020759375 0.434026178125 0.2336647109375 0.4745179859375 0.25519152031250003 0.511904890625 0.2644552796875 0.5670783203124999 0.26798469062499997 0.620982053125 0.25700137968750003 0.6621514046875 0.239820278125 0.6920588078125001 0.2100452234375 0.69502501875 0.17427075625 0.6834003015625 0.1575303078125
1 0.27093324375 0.2740474328125 0.21557842656249998 0.2684447765625 0.16534510156249999 0.27492873906250004 0.1297720515625 0.2863974375 0.097031825 0.307019315625 0.077025978125 0.33383898125 0.0948605015625 0.375105525 0.13297294843750002 0.39266226875 0.17842620781250002 0.4012203140625 0.22306323125 0.40044875468749996 0.2847612390625 0.3856498609375 0.3116330859375 0.36763051406249997 0.3334741359375 0.3385611734375 0.331206815625 0.31264559687500004 0.3110622796875 0.29142774843749997 0.27093324375 0.2740474328125
1 0.861750965625 0.2683181140625 0.8926132953125 0.2959101796875 0.9449325546875 0.313268546875 0.9836105046875 0.3140628953125 0.9724552953125001 0.1865582671875 0.9344121937500001 0.1930202796875 0.9069054984375 0.2037832640625 0.8779263703125 0.220942415625 0.859755725 0.2455124078125 0.861750965625 0.2683181140625
1 0.86035318125 0.3916982 0.8182075578125 0.3744943125 0.7669766109375 0.3695754203125 0.726735534375 0.374140615625 0.6753925484375001 0.39116723593749997 0.644668909375 0.411612684375 0.63035005625 0.43375657343749996 0.629784553125 0.45051897187499995 0.6568857828125 0.48157376406249996 0.6947261515625 0.49602063906250005 0.7521882484375 0.502483490625 0.7965531953125 0.49860206093750004 0.834052140625 0.48592030937499997 0.864866471875 0.46651148437499995 0.8828557312499999 0.43986824531249996 0.88049771875 0.41291604687500005 0.86035318125 0.3916982
1 1 0.6244472953125 0.9566638718749999 0.6099411015625 0.919911815625 0.6079337015624999 0.869678490625 0.6144176640625 0.8225500640625001 0.633164671875 0.7851204640625 0.6698651812499999 0.7894950656249999 0.69664095 0.8097302953125001 0.718895421875 0.8395950031250001 0.7350846343749999 0.8768005234375 0.7422751484375001 0.9577361390625001 0.7383278734375 1 0.7155495640625 1 0.6244472953125
1 0.4911733609375 0.677824740625 0.45745686093750004 0.66406163125 0.4101684 0.6577532609375 0.34774485 0.664259171875 0.3042868328125 0.6785068296875 0.2718186828125 0.7022385765625 0.25749983125 0.724382465625 0.26717730781250004 0.7653181 0.2955695828125 0.787903478125 0.3290140046875 0.7985567203125 0.3698899296875 0.8012478859375 0.40417193281249997 0.7982485984375 0.45762220156250005 0.7820821734375001 0.505497515625 0.7486460125 0.5176183937500001 0.7246053078125 0.5157138453125001 0.702836225 0.4911733609375 0.677824740625
1 0.2557356609375 1 0.30126718124999996 0.9691580234374999 0.31723985 0.9426912140624999 0.3155166875 0.9229953765625 0.2950093796875 0.8976310359375 0.2611114953125 0.8817946796875 0.1994348359375 0.873611440625 0.147094228125 0.8792352078125001 0.1134470734375 0.8894908562499999 0.0618106609375 0.9263897421875 0.05299741718749999 0.94178460625 0.0516850234375 0.9732361546874999 0.06349112812499999 0.9920498484375001 0.077829415625 1 0.2557356609375 1
2 0.7779236453125 0.8198665546875 0.7169031828125 0.7959575421875 0.667688825 0.790862221875 0.607100478125 0.7951184578125 0.5339377890625 0.8182322859375001 0.499453053125 0.8421404593749999 0.47632095625000004 0.879679215625 0.4822373328125 0.9240775734375 0.5087944078125 0.9489126296875 0.5487420562499999 0.9642196984375 0.610509409375 0.9734395625 0.6669738859375001 0.9684995593749999 0.73023501875 0.948341121875 0.7785637953125 0.9200880781249999 0.8056383765625 0.8811598437500001 0.8050248734375 0.8509213484375 0.7779236453125 0.8198665546875