3 0.131578946875 0.200832465625 0.2125506078125 0.200832465625 0.255060728125 0.19042663906249999 0.283400809375 0.1748178984375 0.305668015625 0.1488033296875 0.305668015625 0.12070759687499999 0.289473684375 0.09781477656250001 0.255060728125 0.077003121875 0.1983805671875 0.0624349640625 0.1396761140625 0.060353798437499995 0.103238865625 0.06659729375 0.0526315796875 0.0874089484375 0.0263157890625 0.1144641 0.0242914984375 0.14047866874999998 0.0526315796875 0.1727367328125 0.080971659375 0.187304890625 0.131578946875 0.200832465625
3 0.33805667968750003 0.5806451609375001 0.396761134375 0.5775234124999999 0.4433198375 0.5608740890624999 0.48380566875 0.5244536937500001 0.4878542515625 0.4942767953125 0.4757085015625 0.47242455781250003 0.43522267187499997 0.44536940625000004 0.396761134375 0.43392299687499997 0.317813765625 0.42976066562500004 0.27530364375 0.43704474531250004 0.2267206484375 0.45993756562500004 0.20242915 0.48491154999999997 0.20445344062499998 0.5171696156250001 0.22874493906249999 0.5473465140625 0.2935222671875 0.5754422484374999 0.33805667968750003 0.5806451609375001
3 0.8886639671875001 0.1467221640625 0.935222671875 0.14568158125 0.9757085015625 0.1363163375 0.9979757078124999 0.12278876093749999 0.9979757078124999 0.033298646875 0.9473684203125 0.011446409375 0.8663967609375 0.005202914062499999 0.817813765625 0.015608740625 0.7874493921875 0.028095734374999997 0.7570850203124999 0.06139438125 0.7550607281249999 0.0780437046875 0.7732793515624999 0.10613943749999999 0.8441295546875001 0.14047866874999998 0.8886639671875001 0.1467221640625
0 0.5323886640625 0.26638917812499996 0.587044534375 0.2747138390625 0.6417004046875 0.26847034375 0.6842105265625 0.25494276718750003 0.716599190625 0.2278876171875 0.7226720640625001 0.1925078046875 0.7125506078125 0.1748178984375 0.6761133609375001 0.1488033296875 0.6275303640625001 0.13319458906249998 0.5566801625 0.130072840625 0.52226720625 0.1363163375 0.4757085015625 0.15400624375 0.4493927125 0.1768990640625 0.4433198375 0.2039542140625 0.45748987812499997 0.2289282 0.4959514171875 0.2539021859375 0.5323886640625 0.26638917812499996
1 0.232793521875 0.37669094687500004 0.295546559375 0.367325703125 0.32388663906250004 0.3517169609375 0.34817813750000004 0.3246618109375 0.34817813750000004 0.2986472421875 0.3299595140625 0.275754421875 0.291497975 0.25494276718750003 0.2368421046875 0.24453694062500003 0.18623481718749998 0.24661810625 0.14979757031250002 0.25494276718750003 0.11538461562499999 0.272632675 0.093117409375 0.297606659375 0.10728744999999999 0.3402705515625 0.143724696875 0.36108220625 0.188259109375 0.37356919843749997 0.232793521875 0.37669094687500004
1 0.9979757078124999 0.356919875 0.9979757078124999 0.2289282 0.9595141703125 0.2320499484375 0.9311740890625 0.24037460937500002 0.9008097171875 0.25494276718750003 0.8805668015625001 0.2778355875 0.8805668015625001 0.3007284078125 0.9089068828125001 0.33090530625 0.9595141703125 0.35275754375 0.9979757078124999 0.356919875
1 0.7510121453124999 0.5244536937500001 0.795546559375 0.5244536937500001 0.834008096875 0.51508845 0.8663967609375 0.4984391265625 0.8866396765625 0.473465140625 0.8866396765625 0.44640998906249996 0.8684210531250001 0.4235171703125 0.8279352234375 0.402705515625 0.7773279359374999 0.3933402703125 0.7368421046875 0.39438085312500004 0.6842105265625 0.4068678453125 0.6518218625000001 0.42455775156250003 0.6356275296875 0.44536940625000004 0.6336032390625 0.46201873125 0.6578947375 0.49531737812500004 0.694331984375 0.513007284375 0.7510121453124999 0.5244536937500001
1 0.8542510125 0.7741935484375 0.935222671875 0.777315296875 0.9979757078124999 0.7502601453125 0.9979757078124999 0.672216440625 0.9453441296875 0.649323621875 0.9089068828125001 0.6441207078125 0.8582995953125 0.6462018734375 0.8097165984375 0.66077003125 0.76923076875 0.6940686781250001 0.7712550609375 0.7211238296875 0.789473684375 0.7450572328125 0.817813765625 0.763787721875 0.8542510125 0.7741935484375
1 0.3441295546875 0.7887617062500001 0.378542509375 0.7887617062500001 0.43319838125 0.777315296875 0.48380566875 0.7481789796875 0.4979757078125 0.7252861609375 0.4979757078125 0.7034339234375 0.4757085015625 0.676378771875 0.4433198375 0.6597294484375 0.396761134375 0.649323621875 0.334008096875 0.6503642046875 0.289473684375 0.66077003125 0.255060728125 0.6815816859375 0.238866396875 0.702393340625 0.244939271875 0.7440166500000001 0.2712550609375 0.7689906343749999 0.30364372500000003 0.7825182109375 0.3441295546875 0.7887617062500001
1 0.109311740625 0.988553590625 0.1639676109375 0.988553590625 0.2125506078125 0.9771071796875 0.261133603125 0.9500520296875001 0.27935222656250003 0.9250780437499999 0.27935222656250003 0.9053069718750001 0.261133603125 0.8782518203125 0.22874493906249999 0.8595213312500001 0.16801619375000001 0.8459937562500001 0.11538461562499999 0.8470343390625 0.080971659375 0.8543184187499999 0.0263157890625 0.8865764828125 0.01619433125 0.901144640625 0.0121457484375 0.9323621234375 0.022267206249999998 0.9521331953125 0.0546558703125 0.97398543125 0.109311740625 0.988553590625
2 0.5688259109375 0.9812695109374999 0.6255060734375 0.9812695109374999 0.6902834015625 0.9667013531249999 0.7408906875 0.94276795 0.7712550609375 0.9063475546875001 0.7732793515624999 0.87617065625 0.7489878546875001 0.8428720078125 0.6902834015625 0.8137356921875 0.6417004046875 0.804370446875 0.5809716593750001 0.8033298640625001 0.506072875 0.8199791890625001 0.469635628125 0.8407908421875 0.4433198375 0.87617065625 0.4453441296875 0.9209157125 0.469635628125 0.9479708640625001 0.508097165625 0.9667013531249999 0.5688259109375 0.9812695109374999