2 0.592548425 0.24439229999999998 0.5383875296875 0.25925487343750003 0.502040603125 0.3205679625 0.4972973328125 0.375951175 0.5050221374999999 0.4041719140625 0.5203541281249999 0.427733890625 0.5543076015625 0.44721434374999997 0.5891862078125001 0.449042253125 0.62341855 0.4280778328125 0.6563583687500001 0.3615287484375 0.6470767171875 0.29276693125 0.6247983453125 0.261254753125 0.592548425 0.24439229999999998
2 0.9398383203125 0.7127048031250001 0.9213635437500001 0.678863246875 0.8913458249999999 0.654531621875 0.826699278125 0.6587297953125 0.789441765625 0.7022941359375 0.7785450859374999 0.7345964 0.774726946875 0.7723270703125 0.786637284375 0.8260543437500001 0.8123227640625 0.8628025140625001 0.8390655359375 0.8793763515625 0.8738119796875001 0.8837260546874999 0.9001728109375 0.8724639765625 0.9270622890625001 0.85111473125 0.9435982796875001 0.8165792937499999 0.9499129406250001 0.7663358703125 0.9398383203125 0.7127048031250001
0 0.14382619375 0.2714501234375 0.10777268124999999 0.25691705 0.058986770312500006 0.2745900328125 0.028807798437499997 0.32358277968750004 0.024857499999999998 0.3638352421875 0.0342858578125 0.394673978125 0.0459464171875 0.4180435453125 0.07282134999999999 0.432095590625 0.098521375 0.433442471875 0.1327537171875 0.41247805 0.15059677656249998 0.388125984375 0.1639899796875 0.34331096875 0.163475878125 0.3179968453125 0.14382619375 0.2714501234375
1 0.5518850609375 0.598810465625 0.5576274421875 0.6648580796875 0.5978664890625 0.7048976921875 0.6537309390625 0.6926531140625001 0.6714418375 0.670822840625 0.6827350015625 0.630955203125 0.6713533109375 0.5671407609375 0.63819280625 0.5325295578125 0.605149915625 0.5307978531249999 0.5804926375 0.5446779296875001 0.5518850609375 0.598810465625
1 0.73432539375 0.4895220109375 0.751228778125 0.518223778125 0.7761358328125 0.5347014109375 0.8338359984375 0.5225530390625 0.860079215625 0.4784114625 0.8544689953125 0.40984205781250005 0.8179013796874999 0.36999485781249997 0.77174415625 0.372633296875 0.734222321875 0.421241221875 0.73432539375 0.4895220109375
1 0.313167990625 0.44722034375 0.31117102343749997 0.520448509375 0.3477386375 0.5602957078124999 0.36779935468749997 0.5638757625 0.4036030890625 0.54805113125 0.42131398750000004 0.5262208562499999 0.43444286875 0.486449425 0.424368246875 0.43281835781250005 0.3838648765625 0.39782233125 0.33914688437499996 0.40812235 0.313167990625 0.44722034375
1 0.1050130890625 0.5905632062499999 0.1158806796875 0.6290635234375 0.15481265625 0.6589197609374999 0.20543428125 0.6413429828125 0.23220614374999998 0.587114240625 0.227638671875 0.533771790625 0.18739962500000001 0.49373217968749994 0.1446495078125 0.5016066140625 0.10856690625000001 0.5578761203125 0.1050130890625 0.5905632062499999
1 0.2924622703125 0.7369377765625 0.2571726359375 0.7780765328125 0.25006500468750004 0.84345070625 0.26119691718750004 0.876907440625 0.2837396109375 0.9033760328125 0.33120390624999996 0.9109209671875 0.3599291 0.889667928125 0.37816864375 0.8577504875 0.38160484375000003 0.792183903125 0.3495016296875 0.737398365625 0.3260338046875 0.7285823140625001 0.2924622703125 0.7369377765625
1 0.1406859203125 0.8933501875 0.0903286171875 0.9058833828124999 0.060149646875 0.9548761296875 0.0572566375 0.9749542578125 0.19126390937499999 0.9819772812500001 0.1827606828125 0.9334860046875001 0.1406859203125 0.8933501875
3 0.566233740625 0.7816301484375 0.5258479875 0.7795136203124999 0.5031585875 0.790968109375 0.4668116609375 0.8522811984375 0.463125684375 0.887490078125 0.47189323437499997 0.9309377718749999 0.48696090312500007 0.9595433343750001 0.517110784375 0.9813531671875 0.570743034375 0.976577759375 0.61049706875 0.9205006656249999 0.6166795703125 0.8727790328125 0.6077798578125 0.8318531296874999 0.58406225625 0.7926793734375 0.566233740625 0.7816301484375
3 0.2945452515625 0.135212046875 0.27184130781250004 0.18206782500000002 0.27902291875 0.255777021875 0.3034013296875 0.2823418203125 0.3287048703125 0.2912540765625 0.3603085265625 0.2853242 0.38916588281250003 0.26154936875 0.4087270421875 0.20441401093749997 0.39511315156250004 0.1480687421875 0.368899025 0.12140773593750001 0.34713475625 0.11520968281249999 0.2945452515625 0.135212046875
3 0.813903525 1 0.7966828140625 0.950487990625 0.7557829609375 0.923057340625 0.7092292515625 0.9332611546875 0.6696073765625 0.98681645625 0.66770779375 1 0.813903525 1